SCALE: 21
nvtx: 2097152
edgefactor: 10
terasize: 3.35544319999999980e-04
A: 5.69999999999999951e-01
B: 1.90000000000000002e-01
C: 1.90000000000000002e-01
D: 5.00000000000000444e-02
generation_time: 7.88703411899999995e+00
construction_time: 3.35177810699999990e+00
nbfs: 64
min_time: 2.02177348000000007e-01
firstquartile_time: 2.05062264500000008e-01
median_time: 2.16485766499999982e-01
thirdquartile_time: 2.47643924500000001e-01
max_time: 2.62347843999999997e-01
mean_time: 2.24337568687499989e-01
stddev_time: 2.08221595023794469e-02
min_nedge: 2.09708540000000000e+07
firstquartile_nedge: 2.09708540000000000e+07
median_nedge: 2.09708540000000000e+07
thirdquartile_nedge: 2.09708540000000000e+07
max_nedge: 2.09708540000000000e+07
mean_nedge: 2.09708540000000000e+07
stddev_nedge: 0.00000000000000000e+00
min_TEPS: 7.99353014694490880e+07
firstquartile_TEPS: 8.58122493208498955e+07
median_TEPS: 9.77636880822463632e+07
thirdquartile_TEPS: 1.02451891287490159e+08
max_TEPS: 1.03725042431558654e+08
harmonic_mean_TEPS: 9.34790107724319249e+07
harmonic_stddev_TEPS: 1.09311937824810715e+06
