SCALE: 21
nvtx: 2097152
edgefactor: 10
terasize: 3.35544319999999980e-04
A: 5.69999999999999951e-01
B: 1.90000000000000002e-01
C: 1.90000000000000002e-01
D: 5.00000000000000444e-02
generation_time: 7.75639975200000009e+00
construction_time: 3.22539751100000016e+00
nbfs: 64
min_time: 2.02185811999999965e-01
firstquartile_time: 2.08208844000000004e-01
median_time: 2.09365396500000023e-01
thirdquartile_time: 2.10589277250000012e-01
max_time: 2.16103137000000001e-01
mean_time: 2.08590222125000002e-01
stddev_time: 3.11914170779558622e-03
min_nedge: 2.09708540000000000e+07
firstquartile_nedge: 2.09708540000000000e+07
median_nedge: 2.09708540000000000e+07
thirdquartile_nedge: 2.09708540000000000e+07
max_nedge: 2.09708540000000000e+07
mean_nedge: 2.09708540000000000e+07
stddev_nedge: 0.00000000000000000e+00
min_TEPS: 9.70409513305676877e+07
firstquartile_TEPS: 9.96785571264968365e+07
median_TEPS: 1.00189558070856988e+08
thirdquartile_TEPS: 1.00820225013951212e+08
max_TEPS: 1.03720700243793577e+08
harmonic_mean_TEPS: 1.00536131494375527e+08
harmonic_stddev_TEPS: 1.89405704422604962e+05
