SCALE: 21
nvtx: 2097152
edgefactor: 10
terasize: 3.35544319999999980e-04
A: 5.69999999999999951e-01
B: 1.90000000000000002e-01
C: 1.90000000000000002e-01
D: 5.00000000000000444e-02
generation_time: 7.87459629800000016e+00
construction_time: 3.35246584699999994e+00
nbfs: 64
min_time: 2.58842644000000011e-01
firstquartile_time: 2.67515934999999982e-01
median_time: 2.71471800000000041e-01
thirdquartile_time: 2.75309085750000015e-01
max_time: 2.80019477000000017e-01
mean_time: 2.70787671656250006e-01
stddev_time: 5.12155232633597964e-03
min_nedge: 2.09708540000000000e+07
firstquartile_nedge: 2.09708540000000000e+07
median_nedge: 2.09708540000000000e+07
thirdquartile_nedge: 2.09708540000000000e+07
max_nedge: 2.09708540000000000e+07
mean_nedge: 2.09708540000000000e+07
stddev_nedge: 0.00000000000000000e+00
min_TEPS: 7.48906976924322993e+07
firstquartile_TEPS: 7.62897402244755030e+07
median_TEPS: 7.73919898595921993e+07
thirdquartile_TEPS: 7.85461307060478181e+07
max_TEPS: 8.10177707812318504e+07
harmonic_mean_TEPS: 7.74439023450866044e+07
harmonic_stddev_TEPS: 1.84539644698808173e+05
