SCALE: 21
nvtx: 2097152
edgefactor: 10
terasize: 3.35544319999999980e-04
A: 5.69999999999999951e-01
B: 1.90000000000000002e-01
C: 1.90000000000000002e-01
D: 5.00000000000000444e-02
generation_time: 7.68991031699999983e+00
construction_time: 3.27952151399999980e+00
nbfs: 64
min_time: 2.01129578000000003e-01
firstquartile_time: 2.02342094750000034e-01
median_time: 2.03382899499999992e-01
thirdquartile_time: 2.05594586250000017e-01
max_time: 2.33215082000000018e-01
mean_time: 2.06213660703124996e-01
stddev_time: 7.31514419685244839e-03
min_nedge: 2.09708540000000000e+07
firstquartile_nedge: 2.09708540000000000e+07
median_nedge: 2.09708540000000000e+07
thirdquartile_nedge: 2.09708540000000000e+07
max_nedge: 2.09708540000000000e+07
mean_nedge: 2.09708540000000000e+07
stddev_nedge: 0.00000000000000000e+00
min_TEPS: 8.99206595909607559e+07
firstquartile_TEPS: 1.02406130384803951e+08
median_TEPS: 1.03126764440318942e+08
thirdquartile_TEPS: 1.03679973283072874e+08
max_TEPS: 1.04265390543403819e+08
harmonic_mean_TEPS: 1.01694785536980689e+08
harmonic_stddev_TEPS: 4.54499981149400468e+05
